3500 0.000526233
4000 0.000486159
4500 0.000560331
5000 0.000559628
5500 0.000574392
6000 0.00142227
6500 0.000718166
7000 0.000756482
7500 0.000738203
8000 0.000730118
8500 0.000767028
3500 0.000342034
4000 0.00042183
4500 0.000763161
5000 0.000506548
5500 0.00113507
6000 0.000769489
6500 0.000726954
7000 0.000735391
7500 0.000740664
8000 0.00072133
8500 0.000763161
3500 0.000337113
4000 0.000534318
4500 0.000474559
5000 0.000563495
5500 0.00056701
6000 0.000571229
6500 0.000674225
7000 0.000735391
7500 0.000754725
8000 0.000742421
8500 0.000806047
3500 0.000359259
4000 0.000411636
4500 0.000413745
5000 0.000469638
5500 0.000519203
6000 0.000565604
6500 0.000611302
7000 0.000664031
7500 0.000676686
8000 0.000753319
8500 0.000934003
3500 0.000361719
4000 0.000383514
4500 0.000419721
5000 0.000471044
5500 0.000741367
6000 0.000599351
6500 0.000657704
7000 0.000753319
7500 0.000732579
8000 0.000756131
8500 0.000807805
3500 0.000350119
4000 0.000378241
4500 0.000409878
5000 0.000490378
5500 0.00054627
6000 0.000562792
6500 0.000639776
7000 0.000657704
7500 0.000752264
8000 0.000761755
8500 0.000768434
3500 0.000329379
4000 0.000379647
4500 0.000504439
5000 0.000501978
5500 0.000517797
6000 0.000630988
6500 0.000635909
7000 0.000653485
7500 0.000693208
8000 0.000735391
8500 0.000781441
3500 0.000336761
4000 0.000403199
4500 0.000416909
5000 0.000503384
5500 0.000595132
6000 0.000566307
6500 0.000608842
7000 0.00065454
7500 0.00068231
8000 0.000722033
8500 0.000815187
3500 0.000350822
4000 0.000379999
4500 0.000406363
5000 0.000462607
5500 0.00057615
6000 0.000632042
6500 0.00070305
7000 0.00072379
7500 0.000729415
8000 0.000773707
8500 0.000821514
3500 0.000351174
4000 0.000376484
4500 0.000402496
5000 0.000508305
5500 0.000512172
6000 0.000564198
6500 0.000607084
7000 0.000649267
7500 0.000747343
8000 0.000723087
8500 0.000757185
