50 0.00576747
100 0.681299
150 0.393707
200 2.69282
250 6.27638
300 14.8583
350 29.0963
400 55.5568
450 100.531
50 0.00464576
100 0.120474
150 0.621136
200 1.64101
250 7.79531
300 13.8369
350 30.3391
400 63.7308
450 97.1956
50 0.0027187
100 0.0523077
150 0.545949
200 2.23514
250 7.56444
300 15.8418
350 29.9626
400 59.9952
450 97.8388
50 0.00247122
100 0.046671
150 0.471416
200 1.97291
250 6.50697
300 13.7529
350 30.2594
400 58.3804
450 93.4701
50 0.00202373
100 0.0609981
150 0.377483
200 2.30865
250 7.04176
300 16.9585
350 32.8906
400 60.1692
450 101.756
50 0.00329731
100 0.0712978
150 0.579661
200 2.36202
250 6.43261
300 14.0105
350 32.8648
400 56.1138
450 100.067
50 0.00344565
100 0.0658298
150 0.469039
200 1.94669
250 7.05236
300 13.6465
350 31.355
400 57.735
450 92.4564
50 0.00700976
100 0.0579999
150 0.711756
200 2.04065
250 6.89459
300 15.337
350 33.6446
400 58.1075
450 97.7173
50 0.003008
100 0.112412
150 0.589084
200 1.98462
250 6.47514
300 17.0653
350 32.118
400 57.3472
450 90.6286
50 0.00207048
100 0.0562433
150 0.538729
200 2.26525
250 5.98616
300 15.5315
350 30.7109
400 57.162
50 0.791847
100 0.498622
150 0.563423
200 2.63212
3 0.41432
3 0.00259109
3 0.00960718
3 0.00149117
3 0.00201072
3 0.0018789
3 0.00396661
3 0.00156499
3 0.00150875
3 0.00159171
