3000 0.0493935
3500 0.0943406
4000 0.0958609
4500 0.111885
5000 0.146704
5500 0.17586
6000 0.303835
6500 0.320488
7000 0.300211
7500 0.337936
8000 0.381661
8500 0.427338
3000 0.0559368
3500 0.0690505
4000 0.0923176
4500 0.121016
5000 0.146972
5500 0.192258
6000 0.224626
6500 0.268411
7000 0.293719
7500 0.326647
8000 0.372662
8500 0.419788
3000 0.0503693
3500 0.0710436
4000 0.0957407
4500 0.115159
5000 0.147135
5500 0.170897
6000 0.209541
6500 0.2489
7000 0.284071
7500 0.331677
8000 0.378117
8500 0.412774
3000 0.0529995
3500 0.0686075
4000 0.0898179
4500 0.109505
5000 0.139165
5500 0.167759
6000 0.20481
6500 0.24159
7000 0.278076
7500 0.328769
8000 0.370694
8500 0.4178
3000 0.0486173
3500 0.0677871
4000 0.0889334
4500 0.112641
5000 0.135382
5500 0.167914
6000 0.222357
6500 0.237841
7000 0.278028
7500 0.334063
8000 0.372648
8500 0.420454
3000 0.0491685
3500 0.0691622
4000 0.0895444
4500 0.119422
5000 0.143481
5500 0.184466
6000 0.225629
6500 0.246537
7000 0.292293
7500 0.320126
8000 0.369533
8500 0.408801
3000 0.0461929
3500 0.0677203
4000 0.0875526
4500 0.110386
5000 0.13592
5500 0.171975
6000 0.20087
6500 0.2426
7000 0.287582
7500 0.336186
8000 0.360352
8500 0.414429
3000 0.0548822
3500 0.064507
4000 0.089195
4500 0.115058
5000 0.137316
5500 0.16592
6000 0.209233
6500 0.238578
7000 0.283453
7500 0.320801
8000 0.389663
8500 0.437332
3000 0.0504066
3500 0.066446
4000 0.0909684
4500 0.114438
5000 0.140487
5500 0.168277
6000 0.202537
6500 0.24546
7000 0.284018
7500 0.312438
8000 0.369191
8500 0.431144
3000 0.0552397
3500 0.0689594
4000 0.0928726
4500 0.115172
5000 0.144666
5500 0.174032
6000 0.204651
6500 0.246062
7000 0.275325
7500 0.345885
8000 0.365611
8500 0.416761
