3000 0.10099
3500 0.144387
4000 0.181357
4500 0.229149
5000 0.314595
5500 0.34001
6000 0.415949
6500 0.49262
7000 0.558045
7500 0.637342
8000 0.729603
8500 0.824474
3000 0.0977121
3500 0.135877
4000 0.17566
4500 0.223232
5000 0.280433
5500 0.338542
6000 0.406146
6500 0.478706
7000 0.555441
7500 0.636569
8000 0.733688
8500 0.820309
3000 0.099726
3500 0.135037
4000 0.176244
4500 0.227398
5000 0.280452
5500 0.338716
6000 0.405651
6500 0.476696
7000 0.551047
7500 0.641901
8000 0.726654
8500 0.819315
3000 0.10054
3500 0.137451
4000 0.178065
4500 0.226443
5000 0.281815
5500 0.337783
6000 0.42247
6500 0.486507
7000 0.56683
7500 0.638081
8000 0.728179
8500 0.832962
3000 0.0995632
3500 0.136123
4000 0.179087
4500 0.22682
5000 0.280618
5500 0.338808
6000 0.405069
6500 0.487419
7000 0.558889
7500 0.637939
8000 0.72913
8500 0.832589
3000 0.101336
3500 0.135411
4000 0.170002
4500 0.228809
5000 0.282103
5500 0.339644
6000 0.393226
6500 0.486073
7000 0.579434
7500 0.647569
8000 0.733127
8500 0.825437
3000 0.0937331
3500 0.138574
4000 0.169639
4500 0.216632
5000 0.28167
5500 0.338355
6000 0.403785
6500 0.478702
7000 0.555312
7500 0.640982
8000 0.727324
8500 0.821305
3000 0.100918
3500 0.128101
4000 0.177791
4500 0.225291
5000 0.280992
5500 0.339699
6000 0.40495
6500 0.480095
7000 0.558659
7500 0.63933
8000 0.747184
8500 0.978321
3000 0.102756
3500 0.149365
4000 0.185962
4500 0.236104
5000 0.298727
5500 0.364707
6000 0.420397
6500 0.488322
7000 0.559805
7500 0.623891
8000 0.734924
8500 0.833633
3000 0.100909
3500 0.135443
4000 0.178281
4500 0.228604
5000 0.280297
5500 0.341568
6000 0.402538
6500 0.483543
7000 0.592781
7500 0.638967
8000 0.733787
8500 0.857576
